470
480
79
186
362
132
230
642
714
135
526
626
401
20
236
856
557
433
886
969
471
854
857
133
693
26
335
142
677
945
898
456
610
273
800
310
21
797
606
959
958
297
859
675
569
502
201
905
615
372
858
753
215
872
586
741
743
5
740
875
33
110
105
730
757
977
86
419
631
438
870
834
475
820
175
785
662
374
91
733
366
682
369
315
950
38
805
124
854
491
292
119
553
883
790
880
711
244
647
166
44
846
949
47
951
729
397
109
925
67
84
342
269
264
258
521
884
27
381
65
28
13
554
895
134
632
577
23
18
661
65
510
446
208
599
226
191
461
627
985
235
334
403
279
673
312
991
662
88
383
954
335
4
190
878
991
388
792
496
541
49
861
683
779
40
688
336
61
127
608
441
396
815
362
631
921
489
490
872
849
576
916
617
678
479
64
422
344
190
439
185
28
452
482
883
893
469
876
562
408
510
242
863
794
315
459
944
651
460
180
301
885
75
130
368
53
81
237
193
465
714
6
484
131
831
614
221
18
75
571
480
880
265
943
106
230
8
197
928
519
812
812
235
926
201
37
874
997
518
995
665
236
631
681
271
624
437
814
996
563
610
94
271
86
519
815
625
462
208
177
453
872
835
936
647
532
383
608
457
875
311
515
975
550
343
485
176
389
47
26
623
134
797
695
546
167
597
23
216
74
850
30
410
742
863
127
365
218
164
827
192
27
3
253
284
113
468
785
316
282
963
396
172
596
75
998
711
918
569
330
671
700
971
622
991
140
669
843
768
395
383
997
824
502
137
683
246
974
270
183
212
443
360
245
849
914
66
451
155
652
390
516
298
665
281
833
744
286
524
585
875
472
492
645
792
136
663
331
111
991
621
80
595
690
274
195
186
110
386
31
138
253
535
794
285
262
409
570
230
319
68
880
363
549
117
599
825
80
221
389
899
475
116
888
468
855
622
872
655
345
395
937
840
699
177
348
281
133
989
658
324
741
744
197
693
777
3
612
33
405
977
302
899
683
101
715
228
14
273
149
418
472
916
574
7
140
620
963
581
346
433
990
581
502
79
167
834
102
539
439
709
92
500
336
550
156
833
629
825
412
982
33
288
222
257
598
954
828
556
192
326
500
159
734
200
354
554
674
890
112
639
785
519
736
514
376
892
201
821
422
325
672
449
155
592
733
114
860
871
691
429
966
966
686
3
64
9
515
120
56
208
723
201
172
282
196
427
470
12
13
836
253
580
907
519
734
429
233
816
156
742
367
342
972
430
202
351
422
488
890
99
189
753
608
753
599
964
73
437
576
952
155
524
141
886
570
48
56
266
934
827
643
936
948
203
585
878
730
800
857
466
716
940
183
997
395
463
369
886
165
396
583
871
914
131
795
925
50
905
140
746
477
452
457
898
998
179
265
543
773
873
583
727
812
45
831
867
626
314
264
66
68
211
89
165
886
77
586
11
756
90
124
821
912
947
365
889
977
419
413
138
756
729
129
59
369
321
583
185
145
880
426
293
62
690
448
270
704
861
880
235
43
290
346
625
798
280
814
176
757
536
383
185
452
131
356
365
463
380
671
286
619
366
959
586
969
934
24
960
806
631
268
937
202
150
337
531
575
49
797
199
404
152
403
396
70
876
266
63
752
808
160
402
549
6
581
175
462
922
188
761
671
753
72
840
579
253
468
769
647
621
472
568
618
603
636
298
637
521
695
206
512
980
299
311
85
240
660
90
723
974
454
235
133
825
276
837
465
912
757
223
845
2
329
825
488
673
871
244
249
656
214
125
418
651
940
744
891
56
454
781
826
616
42
756
233
504
295
883
953
964
290
997
91
180
522
61
728
13
417
889
628
602
876
517
699
964
368
606
475
16
919
882
825
270
33
772
759
33
798
126
114
904
133
582
446
751
794
645
481
527
179
32
252
430
472
918
951
1
902
453
910
593
402
967
568
142
585
959
842
79
518
690
382
890
277
687
776
451
944
426
24
25
189
47
480
888
820
902
60
394
456
260
493
756
182
767
943
618
552
115
303
732
790
134
366
432
745
963
354
269
246
262
225
740
824
594
780
861
629
233
195
54
463
699
734
528
852
179
104
170
735
368
810
794
935
817
758
1
630
5
911
997
352
375
540
895
919
441
938
270
517
73
782
834
749
367
578
36
612
698
456
933
408
710
501
0
395
92
852
244
452
480
767
966
194
171
469
307
134
240
357
801
286
336
551
727
654
499
721
278
603
401
610
961
611
409
355
724
556
784
336
600
496
827
245
460
726
44
185
919
125
548
169
353
759
124
660
225
815
595
668
728
96
516
171
289
697
505
801
806
100
129
116
720
193
831
168
427
487
71
297
300
724
246
135
631
909
203
913
882
34
561
116
214
609
840
738
433
166
922
308
873
292
947
748
31
844
194
847
52
460
793
279
818
965
833
294
31
872
985
311
460
921
238
922
527
631
740
986
421
499
65
277
633
867
832
929
522
439
200
586
877
681
160
591
431
2
429
463
651
819
503
928
211
278
341
646
113
1
485
381
558
787
503
325
128
742
95
74
593
756
72
278
739
252
860
697
477
364
125
96
75
494
433
183
223
331
572
373
262
822
277
747
675
733
854
313
861
267
124
480
230
170
563
814
213
127
197
818
880
46
749
185
968
611
648
926
732
126
414
718
40
993
338
721
358
913
185
465
78
862
37
864
714
743
487
25
130
806
598
859
528
305
77
603
378
915
192
159
98
578
480
575
367
172
328
161
745
547
532
535
429
428
157
320
8
561
710
886
608
799
451
94
812
293
718
196
495
957
169
723
385
228
622
46
255
980
652
18
301
928
433
328
576
136
446
705
286
571
255
475
671
219
848
158
60
98
13
348
292
224
96
853
133
215
431
307
576
468
651
961
531
618
258
308
141
534
524
900
716
362
503
675
633
921
92
252
974
832
521
941
300
961
786
703
976
651
186
618
294
212
691
666
119
572
479
931
802
205
271
838
852
199
799
181
117
970
816
706
236
950
64
646
959
391
577
477
820
430
795
231
138
383
595
934
168
477
309
96
390
466
463
174
879
922
764
375
906
968
336
691
394
695
780
457
510
565
207
25
560
32
508
121
290
438
966
260
216
996
550
109
768
207
589
675
926
789
176
127
802
801
580
512
711
836
445
372
382
620
897
220
447
628
747
275
962
119
860
934
994
930
795
821
196
380
337
880
515
643
855
566
246
29
743
718
452
580
351
857
287
342
160
36
353
104
241
311
521
534
277
160
797
103
575
95
778
867
973
864
555
541
247
451
366
288
475
708
762
211
454
306
931
981
316
261
807
465
756
375
513
694
466
831
371
132
908
101
949
938
61
218
324
48
794
276
812
390
22
287
631
55
180
414
598
868
270
704
274
910
997
917
631
685
44
746
857
808
699
37
888
952
849
551
818
299
811
95
500
911
741
577
947
412
480
25
380
589
145
93
614
260
315
853
309
647
613
988
584
362
73
53
920
356
865
744
587
764
729
24
357
502
14
853
992
768
53
507
28
32
236
931
226
142
214
92
930
336
512
508
588
570
982
37
296
405
724
301
195
89
455
727
843
98
55
734
160
866
900
366
160
657
517
896
580
940
135
41
989
483
349
565
457
512
99
541
646
333
512
630
998
666
789
67
987
846
832
28
47
485
789
193
564
799
528
169
895
371
690
151
540
895
619
315
639
103
309
849
740
421
612
348
914
816
686
932
75
834
182
343
865
476
731
911
827
19
268
797
215
149
873
282
63
673
966
643
114
239
238
856
303
389
405
628
334
715
188
131
318
708
56
697
6
664
595
288
155
593
994
518
967
904
313
47
778
332
381
983
749
776
234
300
406
220
297
491
274
600
773
709
981
188
101
358
81
529
885
830
438
983
958
359
451
193
777
960
309
237
57
311
902
319
777
342
107
828
248
318
366
601
193
382
614
720
553
519
841
333
106
858
770
924
177
207
433
93
141
453
887
104
511
484
302
312
746
199
504
652
294
808
911
97
983
367
774
649
814
127
76
605
113
715
850
912
773
514
755
983
300
496
218
791
647
267
639
848
205
352
211
905
323
666
536
358
124
790
424
329
379
272
870
288
289
102
425
38
950
689
845
445
591
181
183
164
482
197
815
632
513
843
874
836
775
904
598
968
872
801
78
912
317
965
857
819
437
351
115
621
640
957
150
291
628
20
36
816
502
89
762
556
671
833
439
581
96
333
7
597
425
839
879
862
220
101
412
845
495
383
505
417
482
394
203
232
288
31
46
945
737
673
553
585
436
412
24
969
660
771
354
82
420
666
799
956
593
97
184
83
897
319
196
397
329
686
655
380
868
215
613
941
818
877
761
970
961
337
245
350
85
895
792
136
974
0
526
126
697
445
656
976
385
342
501
273
857
282
205
818
205
280
181
690
544
496
384
4
778
828
150
650
353
74
601
168
708
130
991
410
936
343
15
146
539
805
327
783
72
619
709
455
186
936
681
478
57
295
463
334
551
684
142
263
878
172
304
74
943
815
83
123
666
594
740
523
114
792
904
314
532
852
806
394
29
756
958
739
746
110
422
379
229
286
697
162
742
534
656
716
270
60
799
955
790
679
421
996
763
342
673
873
66
75
651
25
642
865
781
445
939
12
28
494
205
42
814
867
93
282
995
113
984
635
556
349
484
780
214
435
769
601
374
747
954
451
922
918
477
827
891
227
54
179
73
271
651
954
71
816
781
379
843
51
875
672
364
582
887
954
961
255
460
651
555
165
530
505
841
102
205
304
783
870
946
167
82
465
216
597
824
224
882
854
528
902
920
367
3
240
334
428
360
809
353
524
900
547
734
940
966
200
470
983
570
677
509
720
293
17
736
154
39
360
131
627
410
889
24
935
78
726
209
377
803
948
269
273
54
400
41
409
142
125
824
156
32
213
210
678
644
53
271
597
419
999
238
143
557
382
327
200
259
986
154
252
793
158
551
722
579
919
847
85
650
544
593
976
171
688
57
309
539
899
747
824
300
5
764
940
141
771
887
12
805
671
780
220
148
791
443
491
491
609
151
661
703
138
374
377
691
21
111
230
345
854
210
717
999
554
583
418
255
198
591
676
400
14
763
134
758
138
299
277
55
390
0
734
763
726
363
802
901
549
760
492
260
151
156
506
430
695
314
661
548
760
850
636
566
679
640
839
997
554
483
629
716
360
584
232
952
704
755
98
879
904
494
200
875
577
0
165
652
399
966
985
871
374
456
303
182
565
21
850
226
310
521
153
401
866
821
800
920
657
721
860
314
167
453
202
390
925
624
888
897
632
24
535
756
840
533
812
674
940
943
222
650
953
52
407
20
373
356
454
685
354
74
740
731
310
124
413
393
615
514
57
407
608
298
88
279
142
291
255
589
513
377
703
969
332
936
354
583
680
904
55
288
552
51
842
17
759
294
936
77
560
82
7
599
662
165
499
0
61
508
293
862
812
68
84
250
280
999
731
25
435
299
398
957
733
840
647
141
818
351
592
101
646
888
942
478
987
514
451
460
622
596
705
407
405
597
354
565
447
476
933
283
915
67
619
279
15
246
185
175
109
48
273
765
574
810
342
911
591
563
682
777
759
705
239
329
107
170
64
712
54
338
32
158
650
39
717
39
669
909
610
135
210
669
606
790
632
872
287
126
727
7
184
799
911
527
469
635
38
133
700
774
89
923
892
304
67
712
591
581
384
854
287
164
795
411
160
863
243
767
784
955
636
151
292
749
664
252
658
116
486
45
949
258
819
30
317
617
744
487
728
713
202
503
918
413
226
147
254
851
662
543
524
17
272
244
856
857
573
533
909
106
307
815
982
956
17
702
888
222
887
445
442
236
550
536
618
960
892
267
759
660
301
753
431
682
749
379
517
856
137
859
753
308
599
886
584
585
487
628
608
342
679
427
538
342
120
9
208
311
149
470
346
858
782
253
565
652
645
711
497
971
4
223
884
528
648
589
258
229
799
50
553
46
611
250
124
971
464
430
118
678
798
526
183
456
525
544
551
248
662
435
869
86
570
226
476
805
614
551
681
835
341
757
983
616
473
988
63
105
769
978
403
400
863
198
665
782
669
208
183
637
876
594
637
930
379
136
331
572
71
730
327
863
677
117
95
707
440
480
783
300
876
553
748
579
397
276
802
694
953
327
176
731
402
404
188
838
177
611
633
250
747
98
843
523
58
880
675
115
538
594
451
527
92
637
391
661
838
680
386
201
287
518
584
166
648
645
70
848
478
725
848
229
643
589
502
381
337
831
907
419
906
689
887
356
710
456
554
766
134
833
173
848
410
5
277
260
515
497
975
530
802
61
831
980
624
199
573
749
280
296
842
102
976
215
782
20
943
352
684
353
85
147
758
849
379
828
967
107
997
715
96
287
305
606
178
244
731
284
319
701
563
954
39
394
444
451
481
617
662
490
393
816
491
444
19
880
694
835
188
252
796
983
327
877
588
128
443
685
624
908
340
198
81
505
960
343
453
919
963
710
956
834
776
365
586
993
958
772
217
157
776
272
796
757
796
146
154
737
957
734
766
244
293
399
319
353
68
277
136
346
563
402
878
317
948
231
750
202
21
384
686
608
395
534
515
542
661
864
568
83
462
134
845
352
321
412
130
426
805
985
891
450
851
295
739
516
386
322
328
119
333
125
353
474
50
242
200
769
248
436
48
742
635
560
108
23
63
448
688
221
879
388
190
598
998
207
852
322
763
894
206
964
894
83
405
801
355
34
148
999
549
854
650
139
677
378
293
283
563
65
399
625
51
105
137
464
596
695
66
919
912
641
420
25
81
306
575
214
628
211
959
7
835
576
554
700
492
497
313
256
121
338
250
91
516
997
864
558
172
93
250
56
191
924
17
792
678
104
927
640
608
97
559
221
502
789
491
109
385
882
815
836
511
792
772
36
989
498
561
708
766
667
461
72
507
381
522
733
280
658
297
677
555
994
991
746
797
958
916
315
43
706
285
440
181
339
991
494
975
836
498
625
130
885
283
403
239
508
723
721
487
274
880
977
243
307
32
789
935
423
47
750
690
286
578
709
635
5
899
719
392
995
843
455
388
570
131
772
368
379
433
61
449
939
763
915
945
560
147
489
986
448
755
231
947
206
265
394
452
291
466
24
525
43
616
663
722
122
167
226
871
661
535
366
523
500
364
477
167
194
344
490
233
342
453
204
669
682
884
108
411
650
938
885
97
116
113
48
837
413
231
348
243
652
605
518
626
164
773
231
882
317
145
155
276
818
200
543
86
211
865
959
90
700
992
866
706
790
309
767
405
789
971
916
381
620
5
546
991
205
26
541
895
692
123
186
942
494
820
861
821
762
876
780
834
99
49
606
951
219
916
698
110
977
499
436
938
932
396
438
171
818
426
649
47
809
968
486
304
121
4
695
608
515
654
644
851
263
724
394
932
850
485
665
59
121
660
763
679
3
503
945
277
597
260
803
141
872
343
561
6
190
478
106
95
702
933
273
1
233
56
910
216
385
574
928
894
405
401
957
171
937
586
19
414
164
232
401
967
654
92
296
213
835
151
396
84
729
178
823
780
297
280
980
681
281
294
236
627
776
220
792
10
794
347
81
770
603
17
507
941
72
742
897
311
561
360
418
987
627
666
176
23
58
55
947
874
862
767
184
461
699
808
726
694
496
904
746
736
920
795
273
136
943
810
794
461
813
663
100
165
172
608
583
679
467
806
983
413
287
155
313
791
463
745
129
387
542
439
666
68
917
842
930
258
16
105
884
459
427
387
715
645
468
884
898
539
85
760
647
472
986
966
422
18
633
339
425
912
473
8
884
111
568
730
257
873
663
658
37
44
384
218
351
121
971
957
697
588
746
453
257
619
618
175
256
441
98
827
853
452
699
625
211
47
718
800
161
603
15
402
699
723
644
2
43
787
795
518
67
752
384
56
439
236
338
886
116
42
492
366
449
698
612
416
790
139
601
813
967
211
135
12
567
933
638
345
86
391
66
242
635
886
369
823
379
730
859
748
743
156
168
170
90
506
651
345
437
552
207
701
580
653
593
437
467
674
434
948
897
939
146
795
372
394
996
848
149
416
781
111
820
361
565
199
774
318
937
840
562
513
323
148
438
729
508
699
454
7
727
426
965
906
747
753
918
929
880
792
810
14
389
2
602
903
78
227
360
765
473
390
41
153
538
160
327
685
971
575
506
639
706
626
677
556
945
420
623
849
688
103
665
715
316
950
267
13
870
645
187
198
304
460
182
399
713
808
18
491
197
898
980
240
722
865
355
376
490
734
486
810
924
93
612
13
843
547
562
495
115
568
432
708
556
580
789
243
540
562
786
979
497
303
277
380
445
16
822
604
126
690
130
241
143
691
786
284
432
544
712
164
139
475
578
873
395
43
843
456
298
333
548
43
548
332
8
719
164
915
24
480
559
587
74
439
120
913
607
476
572
671
754
441
651
83
301
827
625
78
89
739
700
558
981
317
548
591
206
216
165
392
387
630
459
828
678
587
249
477
783
534
379
147
321
362
601
267
377
565
91
381
865
347
444
916
788
959
473
406
456
514
6
502
19
107
161
127
199
101
159
593
305
685
803
277
855
221
367
133
263
925
134
139
601
973
773
490
80
323
78
260
676
909
735
367
661
861
421
109
537
531
163
873
914
51
360
330
333
378
784
350
512
280
282
725
797
745
252
693
518
193
924
934
88
455
479
680
541
582
260
793
306
754
771
405
201
504
85
36
555
794
302
816
963
307
471
135
324
154
322
44
565
442
619
590
25
123
26
816
17
169
911
79
685
718
139
295
779
759
904
887
875
714
105
88
735
158
912
630
228
767
534
978
634
921
773
104
551
745
754
929
263
645
279
720
448
806
297
988
70
589
523
838
431
927
574
310
968
444
837
416
443
147
671
11
920
393
415
607
746
380
911
163
21
493
202
916
623
281
499
412
404
835
509
360
298
846
528
435
8
262
52
16
313
132
51
241
731
690
445
454
258
294
849
673
16
462
275
268
172
123
250
507
0
470
688
795
171
155
625
84
384
380
571
237
593
206
504
152
961
979
321
593
896
81
